1000
997
981
960
937
912
895
884
867
840
826
799
792
780
760
740
733
713
687
664
637
620
593
580
552
533
518
515
487
475
467
438
432
422
395
394
378
376
366
356
343
327
306
287
274
253
252
236
220
196
# PART 2
937
930
908
880
853
850
835
823
809
803
795
768
764
759
751
737
718
706
685
672
650
625
623
596
568
556
529
519
508
496
483
468
462
455
435
411
405
401
387
380
352
334
312
308
287
285
280
269
267
253
# PART 3
622
613|613
603|1809
597|597
588|1176
586|586
585|585
578|578
572|572
566|566
558|2232
545|545
543|543
541|541
529|2116
514|514
496|1984
487|487
476|1904
474|474
464|1392
451|451
443|886
437|437
430|1290
417|417
406|406
388|388
383|766
380|380
365|1095
361|361
346|1038
334|334
322|966
304|304
301|903
295|295
278|556
263|263
246|738
227|227
221|884
213|213
210|630
198|198
195|585
177|177
167|167
143